Estimate Std. Error t value Pr(>|t|)
(Intercept) 1.57681392277687 0.341776726250663 4.61357898788118 0.00363977032161665
X33676405 -25.7357588910979 2.85404542321947 -9.01729127424576 0.000104138410072398
X33087881 -21.5304128914945 3.84352372282168 -5.60173799986024 0.00137866035070076
X33207386 11.1402899573949 3.16184598076072 3.5233499750404 0.0124677984084051
X11389497 -4.46326166621264 2.16297645353729 -2.06348139338896 0.0846476034368183
X22555257 -6.71985598198175 1.46921412657758 -4.57377577605733 0.00379533826716955
X10597558 -29.9293579790449 4.8542421839063 -6.16560872843806 0.000835732338401925
X11080000 -1.97638847561986 0.989868946082999 -1.99661630303749 0.0928606971508588
X9125158 32.818487419131 5.26695618686404 6.23101583813843 0.000790372713374034
X11414977 6.03459048776149 2.68584085520837 2.24681610455781 0.0657282224726573
X33129292 24.651173552165 3.94991634506597 6.24093560435981 0.000783742568760151
X7202731 8.97699855728165 1.47188290710079 6.09898960982155 0.000885022564980098
