Estimate Std. Error t value Pr(>|t|)
(Intercept) 1.26331991114933 0.410347792624946 3.0786565295454 0.027511609193981
X11082981 23.9149469681555 1.6625735736072 14.384293933091 2.92840469148285e-05
X20740783 2.38468650634676 0.428638286021214 5.56340062032803 0.0025817020084363
X24818368 -3.90702537044055 0.355581149738969 -10.9877179184237 0.000108636770058385
X33056244 18.0985512060754 1.20805315819469 14.981585109319 2.39885410172363e-05
X33167553 -12.5678650598395 1.40417048905642 -8.95038398669449 0.000290199563095582
X4880749 -8.58387528215833 0.371290807629876 -23.1190083507675 2.81702843121661e-06
X11084769 -30.4536803019485 1.77134947595489 -17.1923613693067 1.21902079225436e-05
X14039737 -3.63787101497246 0.330234874020675 -11.0160110308177 0.000107295786503585
X33096898 2.15434866509186 1.6858723951943 1.27788358788778 0.257401406988727
X32121288 -5.60633644979847 0.398246692092533 -14.0775468098448 3.25440295988019e-05
X24174520 4.07417216061216 0.24209125914097 16.8290758413535 1.3542901999975e-05
X33089899 -4.64164009812219 1.6000455743548 -2.90094243096412 0.0337536386234844
