Estimate Std. Error t value Pr(>|t|)
(Intercept) 6.42027430889629 0.315835275533713 20.3279202997418 9.21104810640681e-07
X33093037 -41.6167367250013 4.03516076844511 -10.3135263036961 4.85579066430346e-05
X33122950 3.76914627476753 2.28597970036376 1.64881003718789 0.1502818623069
X4880749 -2.20148809091528 0.509475369791426 -4.32108836157585 0.00497680337699169
X5496307 14.0680991658348 1.00504205210378 13.9975229259185 8.29080129820553e-06
X1212517 -17.5125651244229 1.06826199183685 -16.3935113841413 3.28165491864489e-06
X33087881 22.6583447617244 4.12672195767165 5.49064002715331 0.00152815163283752
X6152168 28.281381999429 2.09494240848995 13.4998374584504 1.02421142891244e-05
X24407960 -3.43645512292127 0.587933472636015 -5.84497274413351 0.00110605126523683
X5664803 1.51039175624985 0.188209527859638 8.02505470061146 0.000199963763625418
X32121288 -21.1894438893149 1.03980071411893 -20.3783702026687 9.07675847470389e-07
X6002270 -13.2204963312958 1.35985905035311 -9.72196076340626 6.80081271798513e-05
