Estimate Std. Error t value Pr(>|t|)
(Intercept) 1074063702.20541 204225783.626559 5.25919736055173 0.00625791025473374
X33122950 -18956.3129992081 4354.86669413388 -4.35290316113298 0.0121294260574562
X27438828 -1243.13803399612 393.105025649605 -3.16235599364785 0.0341068597498214
X33200588 -1074056193.81854 204225395.599359 -5.25917058780281 0.00625802419065637
X11086639 6035.8313557903 251.492209062459 24.0000729179299 1.78768555081089e-05
X27272986 4574.72252624352 484.528561243509 9.44159517553066 0.000701728739291552
X7074425 2179.80660008453 183.006198608034 11.9111080207359 0.000284580975791063
X1212517 -1431.31097503833 400.597751774414 -3.5729381123545 0.0233143826293016
X33087881 -11692.2609865048 1065.07785493398 -10.9778462976583 0.00039122979458589
X19717233 1646.64316836557 205.286718635927 8.02118704661976 0.00131064409857314
X33146632 11733.6880050105 965.511214801896 12.1528241465512 0.000263080500556162
X15037389 6320.75010138762 248.033105536467 25.483493776835 1.40821873812063e-05
X33180587 -1074065286.22048 204225802.900401 -5.25920462040875 0.00625787935963144
X32974031 8150.3446885371 893.897348730842 9.1177635777855 0.000802692972372302
